[region_of_interest]
roi_0 = 45
roi_1 = 3
roi_2 = 543
roi_3 = 564

[line_indicator]
point_matrix1 = [(4, 399), (470, 472)]
point_matrix2 = [(4, 399), (470, 472)]
point_matrix3 = [(4, 399), (470, 472)]
point_matrix4 = [(4, 399), (470, 472)]

[vehicle_speed_and_counter]
3wheel_speed = 0.0604853237554323
3wheel_count = 33
bus_speed = 45.0
bus_count = 1
lorry_speed = 25.0
lorry_count = 1
van_speed = 0.02467304038442747
van_count = 6
jeep_speed = 58.0
jeep_count = 1
car_speed = 0.017560414188034695
car_count = 10
motorbike_speed = 63.0
motorbike_count = 1
truck_speed = 45.0
truck_count = 1

[lane_times]
detection_time = 3

